
-1.550947673
-1.27733756
-1.09474513
-0.976890533
-0.864226877
-0.64000119
-0.631947614
-0.596838845
-0.586630904
-0.549504193
-0.522654773
-0.503457613
-0.468162398
-0.314828412
-0.308644985
-0.279885626
-0.20635639
-0.205809556
-0.171777401
-0.117735226
-0.059283138
-0.043120281
0.034316372
0.110496785
0.239688234
0.300632337
0.31804575
0.331190222
0.346502702
0.378116738
0.402967544
0.757918315
0.80748805
0.890872798
0.941029157
0.956506483
0.960017132
1.077632987
1.223670552
1.365215212
1.598791641
1.848593456
1.945127224
2.1122014