
29.2080446790979
3.34543900875881
18.7395855586413
26.4027832880642
15.0700399792474
19.5342875453963
3.44248786889248
18.7240211188086
0.124515518662069
24.3848994415113
0.617999816888943
16.6814172795801
23.7916196172979
2.78237250892666
1.19113742484817
15.7631153294473
29.8306222724082
17.7590258491775
28.1395916623432
15.8354441969054
7.23746452223273
1.55552842799158
2.03161717581713
8.29126865443892
17.5255592516862
7.54509109775079
24.0360728782006
0.776390881069369
19.3218787194433
20.167851802118
4.85061189611499
24.1413617358928
16.2382885219886
25.0880458998383
12.9871517075106
21.3415936765648
18.9336832789087
6.74764244514298
0.847804193243202
12.9532761619922
17.315897091586
5.52262947477645
12.0395519882809
18.9986877040925
